7975586 6
8654502 1
6381396 19
1203371 24
1895317 26
1124622 40
8541422 30
7451541 11
4274394 31
4366342 11
7192113 22
5177900 21
1859237 27
3507921 37
8697650 10
6173839 27
327807 12
7472708 2
1444310 38
6225097 26
8063903 38
5726377 36
6523779 37
1798846 5
6938347 28
2373775 19
8285361 26
7737831 29
1216812 31
444385 13
5843680 15
6620399 7
1479266 18
7397040 7
2801887 17
4295904 21
6488206 40
7503817 17
8716548 22
3842861 14
984201 27
6301705 1
2801012 15
4930510 23
7285286 6
8448635 37
4542173 25
8333155 38
194843 27
6977717 1
5868683 20
2895222 40
6812252 38
5401576 39
5218051 28
4183693 4
4493774 29
988164 25
4557635 25
5828959 40
326271 33
5004589 35
379330 15
5406232 4
100641 20
1603604 35
173920 25
7358915 11
414214 2
8031321 25
2037630 5
6350868 35
2733113 23
8342540 28
2290408 18
4650019 30
4965443 39
5517824 12
3025054 7
435295 14
3340707 18
3611369 18
1054075 35
8533500 8
7279828 20
1616904 9
5296185 3
4881564 17
4339506 23
836396 25
3911952 7
7279294 34
4173725 29
8738517 18
3753875 11
4840824 13
5729061 24
3158262 15
8455178 1
2767774 37
1256581 30
8601518 37
1385152 1
3614765 9
3223535 1
1387273 38
7970279 38
1529232 3
1496386 28
4859133 13
4957911 36
4893897 3
3668499 39
6502809 28
5260271 22
7891384 11
8171611 21
2102319 35
6492333 4
4314123 19
4684596 36
5884057 34
3400665 8
6798876 3
3197387 8
8180015 9
3357963 23
7874971 13
1158773 19
8182840 4
164713 16
3935894 35
3599828 13
6925789 33
6271648 32
8840731 3
2457659 27
5611116 3
7654426 23
5271725 5
584351 11
2556165 25
1074706 16
3517830 38
1325266 21
8652521 10
2323948 7
7859005 16
7659331 25
5048640 18
6057408 10
6887220 26
5130509 7
8889741 6
4941029 17
3669450 11
7645908 15
2016748 13
2173102 9
5470442 39
6267949 3
3021049 17
3227729 5
32024 19
5697549 23
6818036 37
4486384 7
5786374 4
752645 34
2434530 33
5353931 19
251756 30
6845945 15
1753154 38
5835783 35
1550117 11
3346557 5
2695627 37
967569 2
2977695 29
2324664 2
3936425 40
7050040 39
5460643 4
915264 12
4496357 34
8515503 24
8301735 39
5049318 8
4413197 20
2794835 25
8505182 23
8567181 1
1748380 21
2961162 26
5232569 18
3554508 34
1129577 27
4408144 11
407231 7
3518095 19
6108953 37
7684402 7
7427747 31
981927 15
135170 1
6836959 23
4434503 19
8873863 2
1455239 25
5425308 40
6153554 7
1373153 10
5100713 8
2906052 15
5621054 26
8444233 38
3974094 26
2657045 1
8895056 11
8759135 17
1932083 6
6703280 25
7516584 22
7065819 15
3928518 38
4692334 31
5019996 38
2881552 28
879485 36
4661355 10
6728101 19
1779600 35
266925 4
7620387 12
2591966 33
1741261 8
3008318 12
5406984 14
4054385 34
3045780 23
8512983 33
3581325 18
2836302 37
170038 18
6766832 32
2765379 4
3453330 18
4229830 6
8981621 8
5431290 18
8262441 30
5130337 30
1133441 1
5344715 25
3042826 14
7687079 9
7128606 4
7088786 19
3247632 23
2713396 15
3090214 15
3542098 16
1023752 8
8296501 5
5138495 30
1611662 7
6416691 31
4704397 11
2795671 31
7254308 16
439605 26
8394304 2
8209789 2
1082173 20
8258264 8
6988234 30
3790694 4
6924725 6
7334963 17
3852522 17
8981719 15
5907096 9
1238885 4
8464892 27
6176954 39
7905755 30
3660584 18
6733824 5
2815851 36
3360496 35
6127915 2
7938944 9
911765 28
5733054 39
1117596 7
6236535 34
4082461 22
7497723 18
2787825 6
7388604 19
8198164 38
4614040 19
8110768 15
7278175 18
4680210 31
4000732 37
1020104 27
6243085 20
6836046 18
8211298 2
1594416 24
52955 36
6624166 29
30925 30
3545994 9
3893120 29
8230238 32
3635608 5
8887726 22
3783975 8
7068804 18
4408764 19
8757085 8
8053478 10
8144337 7
5546771 32
1745311 38
931979 28
2183106 24
3297817 12
2898784 9
6505960 21
8247152 7
3986378 37
6571701 32
1735516 16
1071409 31
1762115 5
2312478 24
1937975 6
6113071 17
228269 13
2117174 40
5260560 32
155855 8
8062083 30
4782016 34
8700010 7
4742313 19
6680396 13
489442 23
4987220 3
3592894 14
422047 3
5597630 13
5394889 20
2393822 29
5085432 35
4816108 31
6843978 34
7937070 12
6059303 6
506806 25
2264604 38
7478403 31
2079482 37
6393614 21
7561399 27
8332387 37
1408229 16
8376170 29
2157067 31
1458978 10
797337 37
6621192 27
279751 21
2580078 5
3793698 35
1131069 22
6368704 24
519652 17
5610020 25
4547590 18
2416123 16
6671214 32
3326343 23
8660172 1
2333725 29
1758610 22
5426938 1
8805080 40
8454413 37
1078444 31
3504744 33
3822764 39
8851688 7
7354336 27
5772032 5
633124 26
1298252 9
6528857 26
2384424 29
8140706 28
1824529 27
2365561 18
3795467 40
1990857 31
8072149 13
1014341 4
3311517 24
1483042 4
3695871 9
8624910 14
772005 25
1205111 8
5595073 8
4727553 8
8439348 10
7213996 28
2800276 28
1064398 14
782900 14
7878325 40
4157258 25
464643 14
8246121 36
1631977 23
8817765 38
4958948 9
8547622 18
692729 7
8414377 1
2154894 36
3804891 1
1666656 6
2497501 13
7717260 40
302658 16
6651799 36
4520952 33
2928689 32
7096828 26
4741766 32
333903 33
2020713 37
6864771 1
3056923 19
2650073 16
3165575 3
3613409 30
7576481 29
2079634 12
391308 11
1922027 18
6842206 10
3192250 15
4726402 37
8847912 39
2720021 6
4685232 5
7096042 34
5486877 36
6861852 29
4397484 18
108264 12
3892359 16
5121800 32
6527539 19
2870635 37
1588916 40
3925246 5
5000086 7
586593 37
7152518 5
8546163 29
6080049 36
3420454 37
5827872 17
5220226 35
3858787 1
3752598 25
2045936 37
8239489 34
8903855 3
2539390 2
2822962 35
4306638 40
632634 30
7187396 31
6232547 30
5139251 35
5924818 16
395872 1
7874712 9
7494395 18
8977289 24
5000995 16
5637740 3
5113049 26
866957 30
5067067 30
8633424 24
545669 9
8783285 25
6083911 31
3499326 33
328426 23
8815568 9
6693183 40
7889449 9
1423777 17
5467272 3
4406312 3
5181605 32
5679308 33
6204501 14
7771183 36
5636429 11
7653037 34
1566267 27
2435544 33
1476460 1
6087 27
5037321 22
3498658 9
4435902 27
6309857 6
379909 8
1040888 26
268231 28
642778 3
6499273 40
1343359 22
2247163 27
3071767 29
8249693 30
3395373 24
6303983 12
50883 23
8133433 20
784424 6
2988326 40
2505211 27
3326800 11
6962452 30
8298998 29
4584113 30
1535541 23
3450323 23
3956569 9
2112483 13
3029399 16
5481469 13
6942019 31
6191035 11
3598242 18
7677488 40
5069738 19
7987506 9
2761501 29
6507918 18
2587889 22
2375119 29
6052204 2
7906131 4
3347530 6
5764089 40
1042821 37
4743012 39
2294259 39
8576641 12
3425856 40
1511771 25
6469530 28
5924833 30
4481936 23
2291527 25
3557484 38
5709605 40
5008439 8
8651163 8
3667053 11
249248 25
2177159 19
1727415 9
4959009 7
8396621 25
6590886 23
5913161 16
2956723 26
4291445 18
7819800 4
24834 3
282321 31
6503322 39
8382878 37
8163078 2
602439 5
5792506 30
7920936 40
5283718 24
3340326 10
6781160 11
3621433 33
8507978 35
8081370 23
8533164 9
8415098 30
3794803 10
3325140 37
3020880 9
5485313 37
3790650 23
5112634 35
1416404 1
2619426 2
5946216 31
5896811 16
1407313 35
5454400 11
5129101 1
8231065 25
5953289 34
2252966 11
5376283 25
5562567 2
6318825 31
1581118 34
684686 23
5208980 9
8760023 5
3317562 39
8304507 5
3949966 11
2281671 37
5143461 12
2972837 37
6589388 5
1053390 33
4190567 24
8936809 6
343185 33
4350068 15
1881458 33
6650757 37
1652194 12
435193 27
6633370 11
3216831 7
7484221 14
20403 34
7425625 39
6034910 12
6435715 12
4857364 1
2550675 4
412118 12
5566156 26
6367218 5
4313290 6
54401 35
8461457 25
8967942 26
7261995 4
5710864 15
6715977 26
3890248 1
8724504 30
4672964 10
562513 39
2302851 19
3357202 40
4039750 29
1993505 39
5403673 35
3457645 33
6788629 21
3980369 2
3530279 3
7974046 22
2504930 14
488760 9
8864327 15
8869390 10
4406185 22
3100321 27
7061441 2
7456706 22
897231 11
1540861 23
1273357 25
6275328 17
2433957 8
3851259 35
7014411 16
721729 12
6548029 8
4947220 27
4940102 2
5465997 6
8764863 29
1571672 15
540190 18
6960197 12
3994940 17
5771027 16
8015913 34
2362984 29
7818401 2
1930456 3
7072249 24
7901206 30
7379023 18
65336 4
6697739 4
3665410 1
3130352 33
7805256 14
3298162 4
3140665 21
3299212 11
7077748 4
6474396 12
7281344 29
1171325 39
158311 14
6380334 29
7380203 36
940646 10
2594832 24
2009574 33
8617336 37
530025 23
6843170 19
2220746 35
5637639 37
4411877 27
2351432 33
7672470 16
1695421 34
4360926 3
8087367 12
7945951 1
4533319 28
2945811 30
5557683 16
7904742 19
8128012 39
7113961 14
1295657 19
4987720 7
371015 36
8681385 7
5802220 14
6871574 40
7197648 11
7384075 6
2006462 17
5301639 21
4249325 1
8184282 7
5751888 24
498377 19
1040142 10
8883784 30
5979748 23
7301796 34
5271099 21
7105912 38
8853386 37
4087310 25
5242688 24
2368751 29
6834112 21
8305281 28
8466893 3
923147 20
94938 3
4615030 31
7066564 14
1503580 31
370316 7
8429777 6
1304907 40
2231084 13
545877 33
6242029 4
3306128 19
4037712 31
5313871 25
1256379 3
5348907 5
999542 4
7117399 12
1095274 3
4629737 5
3746625 12
436931 33
5157818 30
7744793 13
932834 29
2739997 22
5079232 36
1301993 15
5219066 23
1492639 36
5912978 17
3171320 31
1318092 31
1559794 37
4505385 10
3044921 9
5705934 4
461114 23
3256393 26
7285355 18
7496574 31
5880439 37
5104178 31
1725451 3
8314646 2
2315039 23
2608690 30
1172845 22
8324132 39
4372850 36
8922168 3
6597877 13
8932326 30
5524555 30
6264895 29
5410647 20
8351611 37
886328 28
3989868 10
295383 25
3862571 13
3048487 13
645834 3
8430746 6
1470321 35
3799481 1
5737717 37
5053293 34
2972698 40
1407815 24
3420460 13
6548115 31
7142250 2
1744210 29
4562572 24
3469333 14
2682716 11
3929106 30
8771853 11
3298515 14
7163446 27
667366 34
6528056 10
2120260 33
5331209 26
7771049 29
8379239 3
2523739 40
3753605 20
6686308 16
4340244 32
2257669 31
5706162 15
4867860 6
4062977 6
1236539 22
7813425 16
4160288 40
5657266 27
358584 34
7841324 32
1740142 2
4448795 32
8258401 31
1080884 20
2034926 39
5133051 26
1476789 12
8512072 1
1833578 9
7060078 28
317822 22
6523076 29
5731333 21
5275007 37
8685166 11
8735900 28
5853244 6
3721891 37
1419796 14
89056 33
4740252 27
5780019 33
1577670 2
1594393 39
6899842 30
8030419 24
5527972 14
6212124 24
3250186 3
2865572 31
1119813 32
7877010 8
1302517 21
1117404 25
1918026 20
4209737 30
944918 27
1908022 19
7830901 14
7482890 22
3156883 20
3948405 6
6583153 1
8976862 10
1680363 25
7285040 7
8960256 10
7805934 5
3277302 10
5534141 39
8162501 37
886308 18
8766336 9
662708 36
813094 37
4327977 9
175256 14
1687534 40
7469614 27
140801 16
2539532 1
982854 19
8104242 27
5311615 15
6744828 35
5609573 8
6105984 33
531097 39
3806561 5
4469554 15
3855753 2
6622335 1
622967 28
3338472 20
8006967 33
2758907 18
5421465 40
7562636 18
7046899 3
4939952 38
236357 36
5215406 20
6078108 22
3214658 21
6940306 3
3537027 11
30797 1
3859771 3
3985580 2
3262695 26
5193866 1
8055395 10
4279713 31
657387 3
5008633 10
5151040 21
8695918 5
6103681 25
7112947 10
4691397 4
551605 23
4882014 33
3904135 24
4752515 35
1456378 9
5398612 3
8553162 7
8265573 26
5588389 31
4192188 13
7069353 19
4874713 30
8742376 25
3539294 2
3845787 3
941277 31
5491817 3
8496143 32
3597778 9
2802018 35
1296570 29
6220750 11