10000005
10000000
6382000
1203378
1896002
1129999
8541426
8000003
4274419
4400003
7192120
5178000
1859301
3507949
9000001
6173901
330006
10000001
1444799
6225119
8063939
5726385
6523786
2000003
6939001
2374003
8286002
7738004
1216849
445000
5900001
7000000
1480005
10000006
2802005
4296000
6488239
7504001
8720005
3900002
984204
10000000
2801013
4930511
10000005
8448643
4542181
8333399
194850
10000000
5870000
2895259
6812399
5403999
5218057
10000003
4493801
990007
4558003
5828962
326499
5004899
380004
10000003
100649
1603799
173923
7400000
1000001
8031328
2100002
6350876
2733116
8342542
2290410
4650069
4965447
5520000
3030001
436001
3340710
3611403
1054799
10000007
7280003
1620000
10000002
4900004
4340039
836404
4000003
7279306
4173734
8800002
3800000
4900000
5729100
3160005
10000000
2767780
1256583
8601589
10000000
4000005
10000000
1387289
7970285
2000001
1496404
4900000
4957920
10000002
3668529
6502816
5260306
8000003
8172003
2105999
10000003
4314124
4684608
5884063
3401000
10000002
3200003
9000000
3358004
8000005
1159003
10000003
165004
3935906
3600004
6925803
6271655
10000002
2457702
10000002
7655000
10000004
600005
2556205
1075003
3517859
1325271
9000001
2400001
7900000
7660006
5049000
6100003
6890003
5200000
10000005
5000039
3700001
7700001
2017003
2200005
5470599
10000002
3021056
4000001
32059
5700029
6818059
5000002
10000003
752659
2434569
5354002
251769
6900000
1753499
5835806
1600004
4000001
2695636
1000001
2978003
10000001
3936469
7050999
10000003
920001
4496362
8516004
8301999
5100002
4413206
2795002
8505203
10000000
1749000
2961170
5232600
3554539
1129581
4410002
410002
3518101
6108958
10000006
7427803
1000059
1000000
6840005
4435003
10000001
1455244
5425699
7000000
1400005
5101001
2910003
5621057
8444279
3974102
10000000
9000002
8800001
2000004
6703306
7517002
7070001
3928529
4692343
5024999
2881603
879507
5000005
6730003
1779605
300001
8000004
2591970
2000006
3009000
5410004
4054399
3045803
8513079
3582000
2836369
170046
6767006
3000001
3454002
5000001
10000007
5431302
8262444
5130399
10000000
5344720
3043004
8000001
10000003
7090003
3247700
2714001
3090300
3542101
1024001
10000004
5138508
2000005
6416707
5000006
2795701
7260001
439613
10000001
10000001
1082180
10000007
6990006
4000000
10000005
7340003
3860000
9000006
6000003
1300000
8465004
6176955
7905801
3661002
10000004
2815857
3360599
10000001
8000001
911773
5733399
1120003
6236539
4082503
7500006
3000003
7390000
8198165
4614103
8111004
7280001
4680229
4006999
1020699
6243104
6840000
10000001
1594500
54999
6624173
30999
3600000
3893123
8230289
4000001
8900005
4000004
7070004
4409002
10000007
8100001
10000006
5546804
1745399
932059
2183109
3300006
3000006
6506004
10000006
3986380
6571706
1740004
1071499
2000003
2312484
2000004
6113105
229000
2119999
5260568
160001
8062086
4782049
10000006
4743001
6700000
490019
10000002
3600005
1000002
5600002
5400029
2393831
5085449
4816129
6844039
8000004
10000005
506815
2264699
7478410
2079487
6400029
7561404
8332399
1408300
8376203
2157079
1500004
797338
6621219
280029
3000002
3793706
1131079
6369000
520019
5610049
4550004
2416201
6671219
3326351
10000000
2333729
1759000
10000000
8805199
8454439
1078447
3504759
3822789
10000006
7354341
10000004
633149
1300005
6529004
2384426
8140708
1824534
2366001
3795475
1990903
8100004
1020001
3311529
2000002
4000005
9000005
772009
1210004
6000002
5000003
9000001
7214059
2800279
1065002
800006
7878334
4157260
470003
8246169
1632029
8817770
5000004
8550000
700000
10000000
2154897
10000000
2000004
2500006
7717279
302704
6651819
4520958
2928704
7097003
4741772
333969
2026999
10000000
3057004
2650102
10000002
3613449
7577003
2080002
400007
1922031
7000003
3200019
4726459
8847921
3000003
5000000
7096048
5486904
6862007
4400019
108300
3900004
5121869
6530005
2870659
1588918
4000001
5000101
586594
10000004
8546204
6080499
3421999
5830001
5220899
10000000
3752602
2045989
8239507
10000002
10000001
2822966
4306999
632649
7187404
6232548
5139269
6000019
1000000
8000001
7500006
9000069
5001019
10000002
5113079
867009
5067075
8634003
600003
8790001
6083914
3499332
328433
9000000
6693187
8000001
1424006
10000002
10000002
5181629
5679312
6205001
7771185
6000005
7653049
1566270
2435559
10000000
6399
5037322
3500001
4435911
10000005
400004
1040894
268237
1000002
6499282
1343362
2247165
3071774
8249700
3395400
6310002
50891
8133500
1000005
2988328
2505249
3330002
6962502
8299001
4584117
1535603
3450326
4000005
2112502
3030019
5500003
6942028
6200003
3600009
7677490
5070007
8000001
2761508
6510006
2590006
2375129
10000001
10000003
4000002
5764099
1045999
4743399
2294499
9000003
3425899
1511773
6470029
5924901
4482005
2291533
3557486
5709649
5010002
10000007
3700001
249253
2177200
1800000
5000002
8400049
6591002
5920000
2957003
4292001
10000003
30000
282379
6503799
8382880
10000001
1000004
5792511
7920949
5284005
3400003
7000004
3621489
8508059
8081402
9000000
8415129
4000006
3325699
3021003
5485339
3791003
5112899
10000000
10000001
5946223
5900002
1407599
5500001
10000000
8231074
5953291
2260001
5376301
10000001
6318832
1581199
685004
5210001
10000004
3317799
10000004
4000007
2281699
5150001
2972845
10000004
1053699
4190604
10000005
343599
4350102
1881465
6650758
1700004
435195
7000004
3220000
7500002
25999
7425669
6040002
6500001
10000000
3000001
412122
5566202
10000004
5000001
54899
8461501
8970002
10000003
5711001
6716006
10000000
8724513
5000005
562899
2302903
3357499
4039751
1993539
5403689
3457653
6800007
10000001
10000002
8000059
2505002
500004
9000006
9000001
4406206
3100599
10000001
7460005
900002
1540904
1273363
6280001
2500001
3851279
7015003
722001
7000001
4947300
10000001
6000000
8765003
1572000
540207
7000005
4000049
5800003
8015929
2363069
10000001
2000001
7072251
7901229
7380000
100003
10000003
10000000
3130899
8000006
4000000
3140670
3300005
10000003
6500001
7281353
1173999
160007
6380336
7380279
1000009
2595003
2009589
8617339
530069
6850000
2222999
5637646
4411881
2351499
7700002
1695427
10000002
8100003
10000000
4533328
2945820
5560000
7910002
8128299
7114001
1296001
5000002
371799
10000006
5810000
6871576
7200002
10000005
2006504
5301642
10000000
10000006
5752005
500059
1040203
8884002
5980001
7301797
5271105
7105979
8853391
4087312
5242704
2368802
6840003
8305282
10000002
923150
100002
4615069
7070000
1503589
400003
10000005
1309999
2231104
545883
10000003
3306133
4037719
5313904
2000001
10000004
1000003
7120002
1100001
5000000
3800001
436938
5157822
8000005
932843
2740009
5079249
1302009
5219105
1492659
5920001
3171379
1318099
1559809
4510000
3050001
10000003
461129
3256406
7290000
7497004
5880448
5104399
2000001
10000001
2315048
2608707
1172902
8324499
4372857
10000002
6600001
8932332
5524563
6264902
5410703
8351659
886330
4000006
295405
3900001
3050005
1000002
10000005
1470599
10000000
5737726
5053399
2972749
1407822
3421003
6548116
10000001
1744229
4562601
3470000
2700002
3929115
9000002
3300008
7163451
667375
7000003
2121999
5331239
7771052
10000002
2524999
3754001
6700003
4340399
2257672
5710002
5000001
4100001
1236541
7900000
4162999
5657301
358585
7841327
2000000
4448804
8258404
1080902
2037999
5133059
1500006
10000000
2000007
7060087
317830
6523085
5731401
5275099
9000002
8736004
6000000
3721897
1420007
89079
4740255
5780049
2000000
1594398
6900069
8030427
5530001
6212139
10000002
2865604
1119839
8000000
1302519
1117429
1918100
4209744
945009
1908100
8000006
7483000
3157004
4000002
10000000
9000001
1680370
10000006
9000001
10000004
3300004
5534499
8162569
890001
9000000
662769
813799
4400001
176000
1687549
7470009
140803
10000000
990001
8104248
5312004
6744833
6000002
6105993
534999
4000001
4470000
10000001
10000000
622972
3339002
8006973
2760003
5422999
7600005
10000002
4940399
236799
5215412
6079000
3214704
10000002
3600002
100000
10000002
10000001
3262706
10000000
8100001
4279720
1000002
5010004
5151045
10000004
6103690
7120000
10000003
551606
4882029
3904143
4752539
1500003
10000002
10000006
8266004
5588401
4200007
7070005
4875006
8742400
10000001
10000002
941278
10000002
8496203
3600000
2802599
1296605
6221000